0,398
0,397
0,396
0,395
0,394
0,393
0,392
0,391
0,390
0,389
0,388
0,387
0,386
0,385
0,384
0,319
0,273
0,270
3,2
10,129
10,231
10,181
10,247
10,117
10,79
10,2
10,3
11,7
11,19
11,9
11,17
11,23
11,2
11,3
9,5
9,2
9,3
39,3
39,2
39,1
8,7
39,0
38,4
38,3
8,13
38,2
38,1
8,15
38,0
37,3
37,2
8,11
37,1
8,16
37,0
36,3
8,4
36,2
8,2
36,1
8,3
36,0
35,4
35,3
35,2
35,1
35,0
34,4
34,3
34,2
34,1
12,2
34,0
33,4
33,3
12,1
33,2
33,1
12,3
33,0
32,4
32,3
32,2
32,1
32,0
31,4
31,3
31,2
31,1
31,0
30,3
30,2
30,1
30,0
29,4
29,3
29,2
29,1
29,0
28,5
28,4
28,3
28,2
28,1
28,0
27,5
27,4
27,3
27,2
